63997
62585
61284
62211
62975
60605
65194
62465
63483
60665
62688
62731
61312
61657
62096
61678
62421
62778
60972
60971
62315
61105
61606
62568
61186
63353
62119
67578
61984
60944
62071
63903
62516
61887
60697
64610
63619
63974
64864
64016
59160
65756
66774
64316
61943
59414
65980
63173
62429
67492
66344
61482
68939
68010
67426
62388
60873
62074
66995
61326
63467
62101
67660
67693
66617
63723
64895
62976
62773
63770
62997
62851
64331
65350
61663
62671
67488
63915
62280
61858
64246
64944
61797
67805
67689
60442
68913
68269
67649
62773
64836
62163
67183
60689
64154
62323
61672
67395
66575
62749
64361
63442
63034
62796
62162
62897
63587
65242
62359
63092
64687
61946
61984
61674
62093
60001
59925
64627
63906
62995
63369
64840
63609
63134
62293
62191
65577
61145
61229
61487
63359
60099
65019
61968
61290
62343
62397
49826
63529
63387
64319
65060
64876
61661
64536
66781
63386
62681
60611
65540
65041
62797
67172
67431
60555
67486
67087
66498
62312
64773
59975
66729
61300
65005
55947
66543
65794
65344
58371
63314
62854
57479
