0	27518649677549557356650531237861961251698373071598110658809384388643823038049912085669330210390880277823888918265458844053696848587097143648045079233309400925660624335014413304847027176544311924501719874825348104802597638316057624950510252838836446491982282997875966606763597696650084589567297587542708822392	57896044618658097711785492504343953926635035593042704453948272119523424081829
1	276053330890216754762819468567304654350330663164578022225400669453280956400895538805540009867006495702710506180264918928254578134039338651087590060742317765267433559545216475264729877686064542129886222990580879461534723702804587617738497106363392901441221784669598275740049712392252614078793166751801962732506	57896044618658097711785492504343953926634968127166427988143745818353237604601
2	182899604102179367632148866145658930334286099479179679626904251978260027921006314894655140357261545816138437462943529387959060216401087224906351650861900168357011367204079033218330398636385923810700551401049050486600753739857927074338471259760423431744429666570538547515298407646952059142919264016511576285181	57896044618658097711785492504343953926634933975703159982333848489307358783357
3	96758970217268023895617532053330639507578643339200230301931953675067264212245226005019182950140819719066330471302851900367304753407738963864504370995520660021136944992997695453373401182138049068127305580418163818580828176982532660245988997725791938261100034834521135319742775479279316050534979613720825857254	57896044618658097711785492504343953926635024035535235566174744687981231570869
4	264567607128370802422371552872329136772520012333958446044993287767104524488191378523182084352233849033258769340806949972699961669407808742040857811606879506445947383186780415713364550701041878417370886550305803403379829374834466055002946915587336977516630407147313993479996064282827805385816774618037045435272	57896044618658097711785492504343953926634918349993003010506055019266252672961
5	364947191724794507776454143007669987778761552893613279654432718663174675529664141495772936954900085938751117694320165967487461517595756192440246671521584472925443828940672410590157683950209355848329444282611571147037294759415088327094726198149852190930686264910184884534540048888715202870200432290383899599265	57896044618658097711785492504343953926634911482565535833288211017644530104949
6	76159474858567256532763780377838251502597185545251280490665268415027880812403407616637780609993969164510250611977871885653452429877461857703814582066126558956871702377855904921110841030619585920079386492779960450649049599637334277802286606075427694587370290169676413031032743947118113334443570209849117261936	57896044618658097711785492504343953926635029406112366127501169795667468943209
7	181460659424752899424214230423073227744427999981168831865746196345947380479025392852548228490373011223673149553364786906347713484311918195493327315190155905284655955751933797617904404833386614877463691096583429941476359764355705984527384877833203679996707107813078612897475816748551278495467588024273373412049	57896044618658097711785492504343953926635042082013777195476169434353743322883
8	395540891113239622957298969027053290512832120026541661998101688894537606758338065831858708264154873004555160388519615508061142690963361926774400940121383961421466805107718187126073363533999602105260717465492780528964369358136461796010169606985244177989481504666744926212468179303831516008009549059185447195692	57896044618658097711785492504343953926635057710060133473684757322721292997757
9	209622233369419063629637462772503368007276931306394958668390271492729621667749621389267871508713271217971031432899158754138726556499949650497205037722514760393507175958509677067929176714818594578697732399968722821807609292575253943984849328601951202781231327847352057163342603159583571756945322460604301820516	57896044618658097711785492504343953926634922678664727987267741933855467247083
